97 
97 98 105 108 105 116 121 
97 98 108 101 
97 98 111 117 116 
97 98 111 118 101 
97 99 99 101 112 116 
97 99 99 111 114 100 105 110 103 
97 99 99 111 117 110 116 
97 99 114 111 115 115 
97 99 116 
97 99 116 105 111 110 
97 99 116 105 118 105 116 121 
97 99 116 117 97 108 108 121 
97 100 100 
97 100 100 114 101 115 115 
97 100 109 105 110 105 115 116 114 97 116 105 111 110 
97 100 109 105 116 
97 100 117 108 116 
97 102 102 101 99 116 
97 102 116 101 114 
97 103 97 105 110 
97 103 97 105 110 115 116 
97 103 101 
97 103 101 110 99 121 
97 103 101 110 116 
97 103 111 
97 103 114 101 101 
97 103 114 101 101 109 101 110 116 
97 104 101 97 100 
97 105 114 
97 108 108 
97 108 108 111 119 
97 108 109 111 115 116 
97 108 111 110 101 
97 108 111 110 103 
97 108 114 101 97 100 121 
97 108 115 111 
97 108 116 104 111 117 103 104 
97 108 119 97 121 115 
65 109 101 114 105 99 97 110 
97 109 111 110 103 
97 109 111 117 110 116 
97 110 97 108 121 115 105 115 
97 110 100 
97 110 105 109 97 108 
97 110 111 116 104 101 114 
97 110 115 119 101 114 
97 110 121 
97 110 121 111 110 101 
97 110 121 116 104 105 110 103 
97 112 112 101 97 114 
97 112 112 108 121 
97 112 112 114 111 97 99 104 
97 114 101 97 
97 114 103 117 101 
97 114 109 
97 114 111 117 110 100 
97 114 114 105 118 101 
97 114 116 
97 114 116 105 99 108 101 
97 114 116 105 115 116 
97 115 
97 115 107 
97 115 115 117 109 101 
97 116 
97 116 116 97 99 107 
97 116 116 101 110 116 105 111 110 
97 116 116 111 114 110 101 121 
97 117 100 105 101 110 99 101 
97 117 116 104 111 114 
97 117 116 104 111 114 105 116 121 
97 118 97 105 108 97 98 108 101 
97 118 111 105 100 
97 119 97 121 
98 97 98 121 
98 97 99 107 
98 97 100 
98 97 103 
98 97 108 108 
98 97 110 107 
98 97 114 
98 97 115 101 
98 101 
98 101 97 116 
98 101 97 117 116 105 102 117 108 
98 101 99 97 117 115 101 
98 101 99 111 109 101 
98 101 100 
98 101 102 111 114 101 
98 101 103 105 110 
98 101 104 97 118 105 111 114 
98 101 104 105 110 100 
98 101 108 105 101 118 101 
98 101 110 101 102 105 116 
98 101 115 116 
98 101 116 116 101 114 
98 101 116 119 101 101 110 
98 101 121 111 110 100 
98 105 103 
98 105 108 108 
98 105 108 108 105 111 110 
98 105 116 
98 108 97 99 107 
98 108 111 111 100 
98 108 117 101 
98 111 97 114 100 
98 111 100 121 
98 111 111 107 
98 111 114 110 
98 111 116 104 
98 111 120 
98 111 121 
98 114 101 97 107 
98 114 105 110 103 
98 114 111 116 104 101 114 
98 117 100 103 101 116 
98 117 105 108 100 
98 117 105 108 100 105 110 103 
98 117 115 105 110 101 115 115 
98 117 116 
98 117 121 
98 121 
99 97 108 108 
99 97 109 101 114 97 
99 97 109 112 97 105 103 110 
99 97 110 
99 97 110 99 101 114 
99 97 110 100 105 100 97 116 101 
99 97 112 105 116 97 108 
99 97 114 
99 97 114 100 
99 97 114 101 
99 97 114 101 101 114 
99 97 114 114 121 
99 97 115 101 
99 97 116 99 104 
99 97 117 115 101 
99 101 108 108 
99 101 110 116 101 114 
99 101 110 116 114 97 108 
99 101 110 116 117 114 121 
99 101 114 116 97 105 110 
99 101 114 116 97 105 110 108 121 
99 104 97 105 114 
99 104 97 108 108 101 110 103 101 
99 104 97 110 99 101 
99 104 97 110 103 101 
99 104 97 114 97 99 116 101 114 
99 104 97 114 103 101 
99 104 101 99 107 
99 104 105 108 100 
99 104 111 105 99 101 
99 104 111 111 115 101 
99 104 117 114 99 104 
99 105 116 105 122 101 110 
99 105 116 121 
99 105 118 105 108 
99 108 97 105 109 
99 108 97 115 115 
99 108 101 97 114 
99 108 101 97 114 108 121 
99 108 111 115 101 
99 111 97 99 104 
99 111 108 100 
99 111 108 108 101 99 116 105 111 110 
99 111 108 108 101 103 101 
99 111 108 111 114 
99 111 109 101 
99 111 109 109 101 114 99 105 97 108 
99 111 109 109 111 110 
99 111 109 109 117 110 105 116 121 
99 111 109 112 97 110 121 
99 111 109 112 97 114 101 
99 111 109 112 117 116 101 114 
99 111 110 99 101 114 110 
99 111 110 100 105 116 105 111 110 
99 111 110 102 101 114 101 110 99 101 
67 111 110 103 114 101 115 115 
99 111 110 115 105 100 101 114 
99 111 110 115 117 109 101 114 
99 111 110 116 97 105 110 
99 111 110 116 105 110 117 101 
99 111 110 116 114 111 108 
99 111 115 116 
99 111 117 108 100 
99 111 117 110 116 114 121 
99 111 117 112 108 101 
99 111 117 114 115 101 
99 111 117 114 116 
99 111 118 101 114 
99 114 101 97 116 101 
99 114 105 109 101 
99 117 108 116 117 114 97 108 
99 117 108 116 117 114 101 
99 117 112 
99 117 114 114 101 110 116 
99 117 115 116 111 109 101 114 
99 117 116 
100 97 114 107 
100 97 116 97 
100 97 117 103 104 116 101 114 
100 97 121 
100 101 97 100 
100 101 97 108 
100 101 97 116 104 
100 101 98 97 116 101 
100 101 99 97 100 101 
100 101 99 105 100 101 
100 101 99 105 115 105 111 110 
100 101 101 112 
100 101 102 101 110 115 101 
100 101 103 114 101 101 
68 101 109 111 99 114 97 116 
100 101 109 111 99 114 97 116 105 99 
100 101 115 99 114 105 98 101 
100 101 115 105 103 110 
100 101 115 112 105 116 101 
100 101 116 97 105 108 
100 101 116 101 114 109 105 110 101 
100 101 118 101 108 111 112 
100 101 118 101 108 111 112 109 101 110 116 
100 105 101 
100 105 102 102 101 114 101 110 99 101 
100 105 102 102 101 114 101 110 116 
100 105 102 102 105 99 117 108 116 
100 105 110 110 101 114 
100 105 114 101 99 116 105 111 110 
100 105 114 101 99 116 111 114 
100 105 115 99 111 118 101 114 
100 105 115 99 117 115 115 
100 105 115 99 117 115 115 105 111 110 
100 105 115 101 97 115 101 
100 111 
100 111 99 116 111 114 
100 111 103 
100 111 111 114 
100 111 119 110 
100 114 97 119 
100 114 101 97 109 
100 114 105 118 101 
100 114 111 112 
100 114 117 103 
100 117 114 105 110 103 
101 97 99 104 
101 97 114 108 121 
101 97 115 116 
101 97 115 121 
101 97 116 
101 99 111 110 111 109 105 99 
101 99 111 110 111 109 121 
101 100 103 101 
101 100 117 99 97 116 105 111 110 
101 102 102 101 99 116 
101 102 102 111 114 116 
101 105 103 104 116 
101 105 116 104 101 114 
101 108 101 99 116 105 111 110 
101 108 115 101 
101 109 112 108 111 121 101 101 
101 110 100 
101 110 101 114 103 121 
101 110 106 111 121 
101 110 111 117 103 104 
101 110 116 101 114 
101 110 116 105 114 101 
101 110 118 105 114 111 110 109 101 110 116 
101 110 118 105 114 111 110 109 101 110 116 97 108 
101 115 112 101 99 105 97 108 108 121 
101 115 116 97 98 108 105 115 104 
101 118 101 110 
101 118 101 110 105 110 103 
101 118 101 110 116 
101 118 101 114 
101 118 101 114 121 
101 118 101 114 121 98 111 100 121 
101 118 101 114 121 111 110 101 
101 118 101 114 121 116 104 105 110 103 
101 118 105 100 101 110 99 101 
101 120 97 99 116 108 121 
101 120 97 109 112 108 101 
101 120 101 99 117 116 105 118 101 
101 120 105 115 116 
101 120 112 101 99 116 
101 120 112 101 114 105 101 110 99 101 
101 120 112 101 114 116 
101 120 112 108 97 105 110 
101 121 101 
102 97 99 101 
102 97 99 116 
102 97 99 116 111 114 
102 97 105 108 
102 97 108 108 
102 97 109 105 108 121 
102 97 114 
102 97 115 116 
102 97 116 104 101 114 
102 101 97 114 
102 101 100 101 114 97 108 
102 101 101 108 
102 101 101 108 105 110 103 
102 101 119 
102 105 101 108 100 
102 105 103 104 116 
102 105 103 117 114 101 
102 105 108 108 
102 105 108 109 
102 105 110 97 108 
102 105 110 97 108 108 121 
102 105 110 97 110 99 105 97 108 
102 105 110 100 
102 105 110 101 
102 105 110 103 101 114 
102 105 110 105 115 104 
102 105 114 101 
102 105 114 109 
102 105 114 115 116 
102 105 115 104 
102 105 118 101 
102 108 111 111 114 
102 108 121 
102 111 99 117 115 
102 111 108 108 111 119 
102 111 111 100 
102 111 111 116 
102 111 114 
102 111 114 99 101 
102 111 114 101 105 103 110 
102 111 114 103 101 116 
102 111 114 109 
102 111 114 109 101 114 
102 111 114 119 97 114 100 
102 111 117 114 
102 114 101 101 
102 114 105 101 110 100 
102 114 111 109 
102 114 111 110 116 
102 117 108 108 
102 117 110 100 
102 117 116 117 114 101 
103 97 109 101 
103 97 114 100 101 110 
103 97 115 
103 101 110 101 114 97 108 
103 101 110 101 114 97 116 105 111 110 
103 101 116 
103 105 114 108 
103 105 118 101 
103 108 97 115 115 
103 111 
103 111 97 108 
103 111 111 100 
103 111 118 101 114 110 109 101 110 116 
103 114 101 97 116 
103 114 101 101 110 
103 114 111 117 110 100 
103 114 111 117 112 
103 114 111 119 
103 114 111 119 116 104 
103 117 101 115 115 
103 117 110 
103 117 121 
104 97 105 114 
104 97 108 102 
104 97 110 100 
104 97 110 103 
104 97 112 112 101 110 
104 97 112 112 121 
104 97 114 100 
104 97 118 101 
104 101 
104 101 97 100 
104 101 97 108 116 104 
104 101 97 114 
104 101 97 114 116 
104 101 97 116 
104 101 97 118 121 
104 101 108 112 
104 101 114 
104 101 114 101 
104 101 114 115 101 108 102 
104 105 103 104 
104 105 109 
104 105 109 115 101 108 102 
104 105 115 
104 105 115 116 111 114 121 
104 105 116 
104 111 108 100 
104 111 109 101 
104 111 112 101 
104 111 115 112 105 116 97 108 
104 111 116 
104 111 116 101 108 
104 111 117 114 
104 111 117 115 101 
104 111 119 
104 111 119 101 118 101 114 
104 117 103 101 
104 117 109 97 110 
104 117 110 100 114 101 100 
104 117 115 98 97 110 100 
73 
105 100 101 97 
105 100 101 110 116 105 102 121 
105 102 
105 109 97 103 101 
105 109 97 103 105 110 101 
105 109 112 97 99 116 
105 109 112 111 114 116 97 110 116 
105 109 112 114 111 118 101 
105 110 
105 110 99 108 117 100 101 
105 110 99 108 117 100 105 110 103 
105 110 99 114 101 97 115 101 
105 110 100 101 101 100 
105 110 100 105 99 97 116 101 
105 110 100 105 118 105 100 117 97 108 
105 110 100 117 115 116 114 121 
105 110 102 111 114 109 97 116 105 111 110 
105 110 115 105 100 101 
105 110 115 116 101 97 100 
105 110 115 116 105 116 117 116 105 111 110 
105 110 116 101 114 101 115 116 
105 110 116 101 114 101 115 116 105 110 103 
105 110 116 101 114 110 97 116 105 111 110 97 108 
105 110 116 101 114 118 105 101 119 
105 110 116 111 
105 110 118 101 115 116 109 101 110 116 
105 110 118 111 108 118 101 
105 115 115 117 101 
105 116 
105 116 101 109 
105 116 115 
105 116 115 101 108 102 
106 111 98 
106 111 105 110 
106 117 115 116 
107 101 101 112 
107 101 121 
107 105 100 
107 105 108 108 
107 105 110 100 
107 105 116 99 104 101 110 
107 110 111 119 
107 110 111 119 108 101 100 103 101 
108 97 110 100 
108 97 110 103 117 97 103 101 
108 97 114 103 101 
108 97 115 116 
108 97 116 101 
108 97 116 101 114 
108 97 117 103 104 
108 97 119 
108 97 119 121 101 114 
108 97 121 
108 101 97 100 
108 101 97 100 101 114 
108 101 97 114 110 
108 101 97 115 116 
108 101 97 118 101 
108 101 102 116 
108 101 103 
108 101 103 97 108 
108 101 115 115 
108 101 116 
108 101 116 116 101 114 
108 101 118 101 108 
108 105 101 
108 105 102 101 
108 105 103 104 116 
108 105 107 101 
108 105 107 101 108 121 
108 105 110 101 
108 105 115 116 
108 105 115 116 101 110 
108 105 116 116 108 101 
108 105 118 101 
108 111 99 97 108 
108 111 110 103 
108 111 111 107 
108 111 115 101 
108 111 115 115 
108 111 116 
108 111 118 101 
108 111 119 
109 97 99 104 105 110 101 
109 97 103 97 122 105 110 101 
109 97 105 110 
109 97 105 110 116 97 105 110 
109 97 106 111 114 
109 97 106 111 114 105 116 121 
109 97 107 101 
109 97 110 
109 97 110 97 103 101 
109 97 110 97 103 101 109 101 110 116 
109 97 110 97 103 101 114 
109 97 110 121 
109 97 114 107 101 116 
109 97 114 114 105 97 103 101 
109 97 116 101 114 105 97 108 
109 97 116 116 101 114 
109 97 121 
109 97 121 98 101 
109 101 
109 101 97 110 
109 101 97 115 117 114 101 
109 101 100 105 97 
109 101 100 105 99 97 108 
109 101 101 116 
109 101 101 116 105 110 103 
109 101 109 98 101 114 
109 101 109 111 114 121 
109 101 110 116 105 111 110 
109 101 115 115 97 103 101 
109 101 116 104 111 100 
109 105 100 100 108 101 
109 105 103 104 116 
109 105 108 105 116 97 114 121 
109 105 108 108 105 111 110 
109 105 110 100 
109 105 110 117 116 101 
109 105 115 115 
109 105 115 115 105 111 110 
109 111 100 101 108 
109 111 100 101 114 110 
109 111 109 101 110 116 
109 111 110 101 121 
109 111 110 116 104 
109 111 114 101 
109 111 114 110 105 110 103 
109 111 115 116 
109 111 116 104 101 114 
109 111 117 116 104 
109 111 118 101 
109 111 118 101 109 101 110 116 
109 111 118 105 101 
77 114 
77 114 115 
109 117 99 104 
109 117 115 105 99 
109 117 115 116 
109 121 
109 121 115 101 108 102 
110 97 109 101 
110 97 116 105 111 110 
110 97 116 105 111 110 97 108 
110 97 116 117 114 97 108 
110 97 116 117 114 101 
110 101 97 114 
110 101 97 114 108 121 
110 101 99 101 115 115 97 114 121 
110 101 101 100 
110 101 116 119 111 114 107 
110 101 118 101 114 
110 101 119 
110 101 119 115 
110 101 119 115 112 97 112 101 114 
110 101 120 116 
110 105 99 101 
110 105 103 104 116 
110 111 
110 111 110 101 
110 111 114 
110 111 114 116 104 
110 111 116 
110 111 116 101 
110 111 116 104 105 110 103 
110 111 116 105 99 101 
110 111 119 
110 39 116 
110 117 109 98 101 114 
111 99 99 117 114 
111 102 
111 102 102 
111 102 102 101 114 
111 102 102 105 99 101 
111 102 102 105 99 101 114 
111 102 102 105 99 105 97 108 
111 102 116 101 110 
111 104 
111 105 108 
111 107 
111 108 100 
111 110 
111 110 99 101 
111 110 101 
111 110 108 121 
111 110 116 111 
111 112 101 110 
111 112 101 114 97 116 105 111 110 
111 112 112 111 114 116 117 110 105 116 121 
111 112 116 105 111 110 
111 114 
111 114 100 101 114 
111 114 103 97 110 105 122 97 116 105 111 110 
111 116 104 101 114 
111 116 104 101 114 115 
111 117 114 
111 117 116 
111 117 116 115 105 100 101 
111 118 101 114 
111 119 110 
111 119 110 101 114 
112 97 103 101 
112 97 105 110 
112 97 105 110 116 105 110 103 
112 97 112 101 114 
112 97 114 101 110 116 
112 97 114 116 
112 97 114 116 105 99 105 112 97 110 116 
112 97 114 116 105 99 117 108 97 114 
112 97 114 116 105 99 117 108 97 114 108 121 
112 97 114 116 110 101 114 
112 97 114 116 121 
112 97 115 115 
112 97 115 116 
112 97 116 105 101 110 116 
112 97 116 116 101 114 110 
112 97 121 
112 101 97 99 101 
112 101 111 112 108 101 
112 101 114 
112 101 114 102 111 114 109 
112 101 114 102 111 114 109 97 110 99 101 
112 101 114 104 97 112 115 
112 101 114 105 111 100 
112 101 114 115 111 110 
112 101 114 115 111 110 97 108 
112 104 111 110 101 
112 104 121 115 105 99 97 108 
112 105 99 107 
112 105 99 116 117 114 101 
112 105 101 99 101 
112 108 97 99 101 
112 108 97 110 
112 108 97 110 116 
112 108 97 121 
112 108 97 121 101 114 
80 77 
112 111 105 110 116 
112 111 108 105 99 101 
112 111 108 105 99 121 
112 111 108 105 116 105 99 97 108 
112 111 108 105 116 105 99 115 
112 111 111 114 
112 111 112 117 108 97 114 
112 111 112 117 108 97 116 105 111 110 
112 111 115 105 116 105 111 110 
112 111 115 105 116 105 118 101 
112 111 115 115 105 98 108 101 
112 111 119 101 114 
112 114 97 99 116 105 99 101 
112 114 101 112 97 114 101 
112 114 101 115 101 110 116 
112 114 101 115 105 100 101 110 116 
112 114 101 115 115 117 114 101 
112 114 101 116 116 121 
112 114 101 118 101 110 116 
112 114 105 99 101 
112 114 105 118 97 116 101 
112 114 111 98 97 98 108 121 
112 114 111 98 108 101 109 
112 114 111 99 101 115 115 
112 114 111 100 117 99 101 
112 114 111 100 117 99 116 
112 114 111 100 117 99 116 105 111 110 
112 114 111 102 101 115 115 105 111 110 97 108 
112 114 111 102 101 115 115 111 114 
112 114 111 103 114 97 109 
112 114 111 106 101 99 116 
112 114 111 112 101 114 116 121 
112 114 111 116 101 99 116 
112 114 111 118 101 
112 114 111 118 105 100 101 
112 117 98 108 105 99 
112 117 108 108 
112 117 114 112 111 115 101 
112 117 115 104 
112 117 116 
113 117 97 108 105 116 121 
113 117 101 115 116 105 111 110 
113 117 105 99 107 108 121 
113 117 105 116 101 
114 97 99 101 
114 97 100 105 111 
114 97 105 115 101 
114 97 110 103 101 
114 97 116 101 
114 97 116 104 101 114 
114 101 97 99 104 
114 101 97 100 
114 101 97 100 121 
114 101 97 108 
114 101 97 108 105 116 121 
114 101 97 108 105 122 101 
114 101 97 108 108 121 
114 101 97 115 111 110 
114 101 99 101 105 118 101 
114 101 99 101 110 116 
114 101 99 101 110 116 108 121 
114 101 99 111 103 110 105 122 101 
114 101 99 111 114 100 
114 101 100 
114 101 100 117 99 101 
114 101 102 108 101 99 116 
114 101 103 105 111 110 
114 101 108 97 116 101 
114 101 108 97 116 105 111 110 115 104 105 112 
114 101 108 105 103 105 111 117 115 
114 101 109 97 105 110 
114 101 109 101 109 98 101 114 
114 101 109 111 118 101 
114 101 112 111 114 116 
114 101 112 114 101 115 101 110 116 
82 101 112 117 98 108 105 99 97 110 
114 101 113 117 105 114 101 
114 101 115 101 97 114 99 104 
114 101 115 111 117 114 99 101 
114 101 115 112 111 110 100 
114 101 115 112 111 110 115 101 
114 101 115 112 111 110 115 105 98 105 108 105 116 121 
114 101 115 116 
114 101 115 117 108 116 
114 101 116 117 114 110 
114 101 118 101 97 108 
114 105 99 104 
114 105 103 104 116 
114 105 115 101 
114 105 115 107 
114 111 97 100 
114 111 99 107 
114 111 108 101 
114 111 111 109 
114 117 108 101 
114 117 110 
115 97 102 101 
115 97 109 101 
115 97 118 101 
115 97 121 
115 99 101 110 101 
115 99 104 111 111 108 
115 99 105 101 110 99 101 
115 99 105 101 110 116 105 115 116 
115 99 111 114 101 
115 101 97 
115 101 97 115 111 110 
115 101 97 116 
115 101 99 111 110 100 
115 101 99 116 105 111 110 
115 101 99 117 114 105 116 121 
115 101 101 
115 101 101 107 
115 101 101 109 
115 101 108 108 
115 101 110 100 
115 101 110 105 111 114 
115 101 110 115 101 
115 101 114 105 101 115 
115 101 114 105 111 117 115 
115 101 114 118 101 
115 101 114 118 105 99 101 
115 101 116 
115 101 118 101 110 
115 101 118 101 114 97 108 
115 101 120 
115 101 120 117 97 108 
115 104 97 107 101 
115 104 97 114 101 
115 104 101 
115 104 111 111 116 
115 104 111 114 116 
115 104 111 116 
115 104 111 117 108 100 
115 104 111 117 108 100 101 114 
115 104 111 119 
115 105 100 101 
115 105 103 110 
115 105 103 110 105 102 105 99 97 110 116 
115 105 109 105 108 97 114 
115 105 109 112 108 101 
115 105 109 112 108 121 
115 105 110 99 101 
115 105 110 103 
115 105 110 103 108 101 
115 105 115 116 101 114 
115 105 116 
115 105 116 101 
115 105 116 117 97 116 105 111 110 
115 105 120 
115 105 122 101 
115 107 105 108 108 
115 107 105 110 
115 109 97 108 108 
115 109 105 108 101 
115 111 
115 111 99 105 97 108 
115 111 99 105 101 116 121 
115 111 108 100 105 101 114 
115 111 109 101 
115 111 109 101 98 111 100 121 
115 111 109 101 111 110 101 
115 111 109 101 116 104 105 110 103 
115 111 109 101 116 105 109 101 115 
115 111 110 
115 111 110 103 
115 111 111 110 
115 111 114 116 
115 111 117 110 100 
115 111 117 114 99 101 
115 111 117 116 104 
115 111 117 116 104 101 114 110 
115 112 97 99 101 
115 112 101 97 107 
115 112 101 99 105 97 108 
115 112 101 99 105 102 105 99 
115 112 101 101 99 104 
115 112 101 110 100 
115 112 111 114 116 
115 112 114 105 110 103 
115 116 97 102 102 
115 116 97 103 101 
115 116 97 110 100 
115 116 97 110 100 97 114 100 
115 116 97 114 
115 116 97 114 116 
115 116 97 116 101 
115 116 97 116 101 109 101 110 116 
115 116 97 116 105 111 110 
115 116 97 121 
115 116 101 112 
115 116 105 108 108 
115 116 111 99 107 
115 116 111 112 
115 116 111 114 101 
115 116 111 114 121 
115 116 114 97 116 101 103 121 
115 116 114 101 101 116 
115 116 114 111 110 103 
115 116 114 117 99 116 117 114 101 
115 116 117 100 101 110 116 
115 116 117 100 121 
115 116 117 102 102 
115 116 121 108 101 
115 117 98 106 101 99 116 
115 117 99 99 101 115 115 
115 117 99 99 101 115 115 102 117 108 
115 117 99 104 
115 117 100 100 101 110 108 121 
115 117 102 102 101 114 
115 117 103 103 101 115 116 
115 117 109 109 101 114 
115 117 112 112 111 114 116 
115 117 114 101 
115 117 114 102 97 99 101 
115 121 115 116 101 109 
116 97 98 108 101 
116 97 107 101 
116 97 108 107 
116 97 115 107 
116 97 120 
116 101 97 99 104 
116 101 97 99 104 101 114 
116 101 97 109 
116 101 99 104 110 111 108 111 103 121 
116 101 108 101 118 105 115 105 111 110 
116 101 108 108 
116 101 110 
116 101 110 100 
116 101 114 109 
116 101 115 116 
116 104 97 110 
116 104 97 110 107 
116 104 97 116 
116 104 101 
116 104 101 105 114 
116 104 101 109 
116 104 101 109 115 101 108 118 101 115 
116 104 101 110 
116 104 101 111 114 121 
116 104 101 114 101 
116 104 101 115 101 
116 104 101 121 
116 104 105 110 103 
116 104 105 110 107 
116 104 105 114 100 
116 104 105 115 
116 104 111 115 101 
116 104 111 117 103 104 
116 104 111 117 103 104 116 
116 104 111 117 115 97 110 100 
116 104 114 101 97 116 
116 104 114 101 101 
116 104 114 111 117 103 104 
116 104 114 111 117 103 104 111 117 116 
116 104 114 111 119 
116 104 117 115 
116 105 109 101 
116 111 
116 111 100 97 121 
116 111 103 101 116 104 101 114 
116 111 110 105 103 104 116 
116 111 111 
116 111 112 
116 111 116 97 108 
116 111 117 103 104 
116 111 119 97 114 100 
116 111 119 110 
116 114 97 100 101 
116 114 97 100 105 116 105 111 110 97 108 
116 114 97 105 110 105 110 103 
116 114 97 118 101 108 
116 114 101 97 116 
116 114 101 97 116 109 101 110 116 
116 114 101 101 
116 114 105 97 108 
116 114 105 112 
116 114 111 117 98 108 101 
116 114 117 101 
116 114 117 116 104 
116 114 121 
116 117 114 110 
84 86 
116 119 111 
116 121 112 101 
117 110 100 101 114 
117 110 100 101 114 115 116 97 110 100 
117 110 105 116 
117 110 116 105 108 
117 112 
117 112 111 110 
117 115 
117 115 101 
117 115 117 97 108 108 121 
118 97 108 117 101 
118 97 114 105 111 117 115 
118 101 114 121 
118 105 99 116 105 109 
118 105 101 119 
118 105 111 108 101 110 99 101 
118 105 115 105 116 
118 111 105 99 101 
118 111 116 101 
119 97 105 116 
119 97 108 107 
119 97 108 108 
119 97 110 116 
119 97 114 
119 97 116 99 104 
119 97 116 101 114 
119 97 121 
119 101 
119 101 97 112 111 110 
119 101 97 114 
119 101 101 107 
119 101 105 103 104 116 
119 101 108 108 
119 101 115 116 
119 101 115 116 101 114 110 
119 104 97 116 
119 104 97 116 101 118 101 114 
119 104 101 110 
119 104 101 114 101 
119 104 101 116 104 101 114 
119 104 105 99 104 
119 104 105 108 101 
119 104 105 116 101 
119 104 111 
119 104 111 108 101 
119 104 111 109 
119 104 111 115 101 
119 104 121 
119 105 100 101 
119 105 102 101 
119 105 108 108 
119 105 110 
119 105 110 100 
119 105 110 100 111 119 
119 105 115 104 
119 105 116 104 
119 105 116 104 105 110 
119 105 116 104 111 117 116 
119 111 109 97 110 
119 111 110 100 101 114 
119 111 114 100 
119 111 114 107 
119 111 114 107 101 114 
119 111 114 108 100 
119 111 114 114 121 
119 111 117 108 100 
119 114 105 116 101 
119 114 105 116 101 114 
119 114 111 110 103 
121 97 114 100 
121 101 97 104 
121 101 97 114 
121 101 115 
121 101 116 
121 111 117 
121 111 117 110 103 
121 111 117 114 
121 111 117 114 115 101 108 102 
